learning_rate: 0.001, training_size: 2000, batch_size: 50, num_epochs: 200, dataset_type: 2, dataset_size: 1.0, model_type: 2, exp_name: baseline, activation: elu, loss: 0.148228758266, acc: 0.952380945758
val_loss,val_acc,loss,acc
3.37002901,0.31857143,3.59170503,0.30272109
3.10072424,0.38142857,2.12340401,0.63945579
2.83203661,0.41984127,1.51308991,0.79591835
2.73355437,0.43936508,1.05483091,0.92517006
2.68986021,0.44492064,0.81983240,0.93537415
2.65599851,0.46174603,0.64060459,0.96938776
2.64494415,0.46412698,0.53267244,0.98979593
2.81622150,0.47047619,0.47112043,0.98639456
2.62032238,0.47476191,0.42409688,1.00000000
2.66648051,0.48063492,0.39887496,0.98639455
2.71711324,0.48460318,0.37180243,1.00000000
2.75716467,0.48111111,0.35012591,0.99319728
2.64076690,0.48809524,0.33770902,0.99659864
2.86594708,0.48761905,0.32300657,0.99319729
2.74466961,0.48222222,0.29786654,1.00000000
2.74336501,0.49174603,0.28446816,1.00000000
2.82798214,0.49063492,0.27269167,1.00000000
2.80014199,0.49206349,0.26028913,1.00000000
2.81610560,0.49047619,0.25081713,1.00000000
2.86034921,0.49015873,0.24153187,1.00000000
2.86844337,0.49269841,0.23339040,1.00000000
2.84583524,0.49412698,0.22568491,1.00000000
2.91029920,0.49333333,0.21833830,1.00000000
2.88205807,0.49412698,0.21153177,1.00000000
2.91378839,0.49365079,0.20529229,1.00000000
2.89246515,0.49333333,0.19896989,1.00000000
2.90855059,0.49412698,0.19335654,1.00000000
2.95483095,0.49111111,0.18790833,1.00000000
2.94223841,0.49333333,0.18260143,1.00000000
2.93619230,0.49333333,0.17774454,1.00000000
2.93792130,0.49365079,0.17324566,1.00000000
2.97044213,0.49412698,0.16858260,1.00000000
2.96303607,0.49428571,0.16434193,1.00000000
2.98080950,0.49365079,0.16014291,1.00000000
2.97227644,0.49476191,0.15600374,1.00000000
3.00908089,0.49380952,0.15217336,1.00000000
2.97419337,0.49412698,0.14824080,1.00000000
3.02759269,0.49539683,0.14469416,1.00000000
3.00383144,0.49333333,0.14157073,1.00000000
3.06427704,0.49380952,0.13840240,1.00000000
3.02491325,0.49476191,0.13533350,1.00000000
3.08432618,0.49206349,0.13205496,1.00000000
3.07970116,0.49666667,0.12887465,1.00000000
3.08350683,0.49396826,0.12644326,1.00000000
3.12321741,0.49698413,0.12317002,1.00000000
3.07504211,0.49555556,0.12060854,1.00000000
3.13093667,0.49523810,0.11766293,1.00000000
3.15431007,0.49460318,0.11519834,1.00000000
3.10813679,0.49714286,0.11276002,1.00000000
3.16414500,0.49380953,0.11042943,1.00000000
3.14946588,0.49412699,0.10814685,1.00000000
3.13088349,0.49507937,0.10602635,1.00000000
3.17626916,0.49301587,0.10384214,1.00000000
3.16055906,0.49492064,0.10187708,1.00000000
3.14366757,0.49507937,0.09983141,1.00000000
3.19545714,0.49396826,0.09800471,1.00000000
3.17590390,0.49412699,0.09587945,1.00000000
3.21825981,0.49492063,0.09404581,1.00000000
3.18843037,0.49507937,0.09225921,1.00000000
3.20222067,0.49380953,0.09046122,1.00000000
3.18836624,0.49555556,0.08888733,1.00000000
3.29225989,0.49380952,0.08720802,1.00000000
3.19778370,0.49619048,0.08558624,1.00000000
3.26641383,0.49349206,0.08407788,1.00000000
3.21733515,0.49571429,0.08246199,1.00000000
3.19860070,0.49650794,0.08097888,1.00000000
3.26027067,0.49380952,0.07971760,1.00000000
3.20508809,0.49619048,0.07812384,1.00000000
3.23875394,0.49476190,0.07697756,1.00000000
3.24011610,0.49539683,0.07547319,1.00000000
3.28209670,0.49444444,0.07406905,1.00000000
3.21334023,0.49650794,0.07292680,1.00000000
3.36352317,0.49412698,0.07168628,1.00000000
3.25256354,0.49523810,0.07044537,1.00000000
3.37803294,0.49333333,0.06967020,1.00000000
3.17101749,0.49698413,0.06878349,1.00000000
3.30661103,0.49349206,0.06814707,1.00000000
3.25953680,0.49603174,0.06646755,1.00000000
3.24420032,0.49269841,0.06595021,1.00000000
3.44220562,0.48253968,0.06912460,1.00000000
3.00450010,0.41365080,0.26042954,0.93537415
3.22870919,0.42714286,1.26887034,0.72108843
2.49928496,0.46492064,0.42946047,0.88095238
3.00587633,0.46920635,0.22850101,0.98299320
2.77889364,0.49841270,0.19805928,0.98639456
2.96971706,0.49682540,0.16491168,1.00000000
3.16490814,0.49444445,0.15499089,0.99319728
3.22715605,0.49000000,0.13894963,1.00000000
3.06190280,0.50253968,0.13395047,1.00000000
3.13260061,0.50253968,0.12597682,1.00000000
3.25035596,0.49952381,0.12094465,1.00000000
3.27699816,0.49920635,0.11616852,1.00000000
3.27204260,0.49952381,0.11185854,1.00000000
3.25161393,0.49936508,0.10816953,1.00000000
3.27322277,0.49888889,0.10490183,1.00000000
3.30998332,0.49825397,0.10192205,1.00000000
3.32865729,0.49746032,0.09926905,1.00000000
3.34210789,0.49793651,0.09681890,1.00000000
3.33936383,0.49746032,0.09458247,1.00000000
3.34726677,0.49825397,0.09252661,1.00000000
3.32998261,0.49619048,0.09063775,1.00000000
3.36602301,0.49761905,0.08883997,1.00000000
3.37414447,0.49777778,0.08708492,1.00000000
3.35308964,0.49873016,0.08546011,1.00000000
3.36096735,0.49809524,0.08395836,1.00000000
3.36542098,0.49761905,0.08246342,1.00000000
3.39509538,0.49793651,0.08110776,1.00000000
3.38645940,0.49777778,0.07980831,1.00000000
3.36465152,0.49920635,0.07862169,1.00000000
3.37456621,0.49920635,0.07740031,1.00000000
3.38991706,0.49761905,0.07626987,1.00000000
3.40588478,0.49746032,0.07514987,1.00000000
3.40610170,0.49793651,0.07406174,1.00000000
3.39204997,0.49714286,0.07299447,1.00000000
3.38197738,0.49793651,0.07196381,1.00000000
3.38972397,0.49777778,0.07097839,1.00000000
3.40468223,0.49761905,0.07005137,1.00000000
3.40380918,0.49841270,0.06911051,1.00000000
3.39287388,0.49809524,0.06821372,1.00000000
3.41535274,0.49714286,0.06738507,1.00000000
3.40234300,0.49777778,0.06654223,1.00000000
3.40718217,0.49809524,0.06570558,1.00000000
3.42099893,0.49650794,0.06491532,1.00000000
3.41190148,0.49714286,0.06413499,1.00000000
3.40335153,0.49714286,0.06335178,1.00000000
3.41295606,0.49825397,0.06264863,1.00000000
3.43692309,0.49619048,0.06190561,1.00000000
3.42261270,0.49777778,0.06122660,1.00000000
3.42415895,0.49777778,0.06055307,1.00000000
3.44165997,0.49761905,0.05985969,1.00000000
3.41494906,0.49714286,0.05924058,1.00000000
3.44883010,0.49746032,0.05856418,1.00000000
3.44820860,0.49777778,0.05790526,1.00000000
3.43332239,0.49809524,0.05732884,1.00000000
3.42605429,0.49761905,0.05668065,1.00000000
3.45672740,0.49920635,0.05611963,1.00000000
3.40944608,0.49825397,0.05557411,1.00000000
3.43866529,0.49873016,0.05498707,1.00000000
3.45004761,0.49793651,0.05442809,1.00000000
3.45088425,0.49761905,0.05389208,1.00000000
3.44080346,0.49714286,0.05334682,1.00000000
3.42000272,0.49698413,0.05279727,1.00000000
3.43113170,0.49746032,0.05231652,1.00000000
3.43958026,0.49809524,0.05179550,1.00000000
3.42896795,0.49730159,0.05129498,1.00000000
3.44518856,0.49682540,0.05077581,1.00000000
3.43162033,0.49730159,0.05030664,1.00000000
3.45752888,0.49761905,0.04993984,1.00000000
3.43829643,0.49730159,0.04948850,1.00000000
3.46070606,0.49809524,0.04892701,1.00000000
3.42771531,0.49730159,0.04853406,1.00000000
3.45575345,0.49904762,0.04804857,1.00000000
3.47946951,0.49825397,0.04764467,1.00000000
3.39857376,0.49888889,0.04732004,1.00000000
3.49513326,0.49777778,0.04688833,1.00000000
3.44662246,0.49746032,0.04638576,1.00000000
3.44651405,0.50015873,0.04588380,1.00000000
3.44959008,0.49857143,0.04547883,1.00000000
3.45426922,0.50047619,0.04503977,1.00000000
3.44248663,0.49968254,0.04467857,1.00000000
3.45358321,0.49936508,0.04427150,1.00000000
3.47221748,0.49825397,0.04386338,1.00000000
3.42949941,0.50079365,0.04350945,1.00000000
3.45607086,0.50142857,0.04313489,1.00000000
3.41594208,0.49952381,0.04271905,1.00000000
3.44911067,0.50000000,0.04237203,1.00000000
3.46340578,0.50047619,0.04200477,1.00000000
3.44401031,0.50063492,0.04166176,1.00000000
3.45704179,0.50015873,0.04125321,1.00000000
3.42816030,0.50126984,0.04090518,1.00000000
3.41846027,0.50095238,0.04059658,1.00000000
3.48752204,0.49920635,0.04017859,1.00000000
3.44540247,0.50079365,0.03993420,1.00000000
3.36621692,0.50206349,0.03968644,1.00000000
3.52346219,0.49698413,0.03958418,1.00000000
3.32291516,0.50269841,0.03928228,1.00000000
3.50270995,0.49952381,0.03900205,1.00000000
3.37970407,0.50158730,0.03872810,1.00000000
3.45320409,0.50253968,0.03833960,1.00000000
3.46636002,0.49873016,0.03777753,1.00000000
3.41028961,0.50095238,0.03749411,1.00000000
3.45619099,0.50047619,0.03709728,1.00000000
3.43675687,0.50142857,0.03680860,1.00000000
3.42809412,0.50079365,0.03646436,1.00000000
3.41959248,0.50158730,0.03620742,1.00000000
3.50210942,0.49793651,0.03585379,1.00000000
3.40308870,0.50000000,0.03569701,1.00000000
3.45058244,0.49873016,0.03557217,1.00000000
3.49608464,0.49698413,0.03533257,1.00000000
3.33466075,0.50269841,0.03527202,1.00000000
3.48055882,0.49809524,0.03475226,1.00000000
3.37138039,0.50000000,0.03445428,1.00000000
3.37078415,0.49952381,0.03405908,1.00000000
3.40135671,0.50095238,0.03377443,1.00000000
3.38904206,0.49968254,0.03350962,1.00000000
3.37238117,0.50190476,0.03324403,1.00000000
3.39672740,0.50063492,0.03298716,1.00000000
3.39002167,0.49888889,0.03273399,1.00000000
3.42469858,0.49873016,0.03255196,1.00000000
3.39875661,0.50031746,0.03228868,1.00000000
