Learning rate,Dataset,Dataset size,Model,Activation,Accuracy,Error
0.1,faces,100.0,1.0, relu,0.142857134342,13.8285522461
0.01,faces,100.0,1.0, relu,0.142857134342,1.94735944271
0.001,faces,100.0,1.0, relu,0.492857128382,3.80217862129
0.0001,faces,100.0,1.0, relu,0.466349214315,4.8325843811
0.1,faces,100.0,1.0, elu,0.142857134342,13.8272342682
0.01,faces,100.0,1.0, elu,0.142857134342,13.8155593872
0.01,faces,10.0,1.0, elu,0.142857134342,11.929526329
0.01,faces,1.0,1.0, elu,0.142857134342,14.0777645111
0.01,faces,0.1,1.0, elu,0.142857134342,14.2808113098
0.001,faces,100.0,1.0, elu,0.483174592257,4.909471035
0.001,faces,10.0,1.0, elu,0.418095231056,6.85372257233
0.001,faces,1.0,1.0, elu,0.404920637608,7.29837560654
0.001,faces,0.1,1.0, elu,0.294285714626,9.07638263702
0.0001,faces,100.0,1.0, elu,0.500317454338,4.1833615303
0.0001,faces,10.0,1.0, elu,0.428095251322,5.56114721298
0.0001,faces,1.0,1.0, elu,0.346031755209,8.15748310089
0.1,faces,100.0,1.0, sigmoid,0.14349205792,6.63243627548
0.01,faces,100.0,1.0, sigmoid,0.346825391054,2.79246997833
0.01,faces,10.0,1.0, sigmoid,0.360000014305,2.71135640144
0.01,faces,1.0,1.0, sigmoid,0.377619057894,1.90389835835
0.01,faces,0.1,1.0, sigmoid,0.204126983881,2.50406384468
0.001,faces,100.0,1.0, sigmoid,0.471269845963,2.60605025291
0.001,faces,10.0,1.0, sigmoid,0.502857148647,2.25956344604
0.001,faces,1.0,1.0, sigmoid,0.507142841816,1.56026148796
0.001,faces,0.1,1.0, sigmoid,0.303968250751,2.54594945908
0.0001,faces,100.0,1.0, sigmoid,0.499206364155,2.67437982559
0.0001,faces,10.0,1.0, sigmoid,0.512063503265,1.65990233421
0.0001,faces,1.0,1.0, sigmoid,0.384444445372,2.73554491997
0.1,faces,100.0,2.0, relu,0.142857134342,13.8275089264
0.01,faces,100.0,2.0, relu,0.142857134342,1.94658386707
0.001,faces,100.0,2.0, relu,0.507777750492,4.00798416138
0.0001,faces,100.0,2.0, relu,0.501904785633,3.57358908653
0.1,faces,100.0,2.0, elu,0.142857134342,13.8272342682
0.01,faces,100.0,2.0, elu,0.142857134342,18.3611946106
0.01,faces,10.0,2.0, elu,0.142857134342,13.8634567261
0.01,faces,1.0,2.0, elu,0.142857134342,13.9023075104
0.01,faces,0.1,2.0, elu,0.142857134342,14.7165775299
0.001,faces,100.0,2.0, elu,0.493968248367,4.8936829567
0.001,faces,10.0,2.0, elu,0.509206354618,3.60716843605
0.001,faces,1.0,2.0, elu,0.507619023323,2.55118441582
0.001,faces,0.1,2.0, elu,0.303809523582,3.85817575455
0.0001,faces,100.0,2.0, elu,0.503015875816,3.43057751656
0.0001,faces,10.0,2.0, elu,0.495396822691,2.6615922451
0.0001,faces,1.0,2.0, elu,0.431111097336,3.02937602997
0.0001,faces,0.1,2.0, elu,0.194126978517,3.94734668732
0.1,faces,100.0,2.0, sigmoid,0.142857134342,1.96775090694
0.01,faces,100.0,2.0, sigmoid,0.248253971338,2.545170784
0.01,faces,10.0,2.0, sigmoid,0.265555560589,2.257604599
0.01,faces,1.0,2.0, sigmoid,0.313333332539,2.31226921082
0.01,faces,0.1,2.0, sigmoid,0.184126973152,2.10919857025
0.001,faces,100.0,2.0, sigmoid,0.489841282368,3.85535955429
0.001,faces,10.0,2.0, sigmoid,0.496666669846,2.06488966942
0.001,faces,1.0,2.0, sigmoid,0.479523807764,1.61240041256
0.001,faces,0.1,2.0, sigmoid,0.237619057298,2.4702706337
0.0001,faces,100.0,2.0, sigmoid,0.496825397015,2.48196029663
0.0001,faces,10.0,2.0, sigmoid,0.516190469265,1.45011842251
0.0001,faces,1.0,2.0, sigmoid,0.267301589251,2.75839567184
0.0001,faces,0.1,2.0, sigmoid,0.163333326578,3.6081430912
0.1,faces,100.0,3.0, relu,0.142857134342,13.8298854828
0.01,faces,100.0,3.0, relu,0.484126985073,3.07843875885
0.001,faces,100.0,3.0, relu,0.467460334301,4.08343553543
0.0001,faces,100.0,3.0, relu,0.495079368353,2.89207983017
0.1,faces,100.0,3.0, elu,0.142857134342,13.8278903961
0.01,faces,100.0,3.0, elu,0.484126985073,3.81889200211
0.01,faces,10.0,3.0, elu,0.486349195242,2.57028627396
0.01,faces,1.0,3.0, elu,0.489682525396,2.58199810982
0.01,faces,0.1,3.0, elu,0.291428565979,2.9170165062
0.001,faces,100.0,3.0, elu,0.483015865088,4.78996038437
0.001,faces,10.0,3.0, elu,0.509999990463,3.18760466576
0.001,faces,1.0,3.0, elu,0.505873024464,2.42408585548
0.001,faces,0.1,3.0, elu,0.313015878201,3.58730268478
0.0001,faces,100.0,3.0, elu,0.490317463875,3.53720784187
0.0001,faces,10.0,3.0, elu,0.522380948067,2.05348801613
0.0001,faces,1.0,3.0, elu,0.423174589872,2.50102329254
0.0001,faces,0.1,3.0, elu,0.207619056106,3.49517917633
0.1,faces,100.0,3.0, sigmoid,0.142857134342,1.96775317192
0.01,faces,100.0,3.0, sigmoid,0.273333340883,2.47965168953
0.01,faces,10.0,3.0, sigmoid,0.2174603194,2.50805449486
0.01,faces,1.0,3.0, sigmoid,0.271746039391,2.27983832359
0.01,faces,0.1,3.0, sigmoid,0.177777782083,2.06160712242
0.001,faces,100.0,3.0, sigmoid,0.476984143257,4.14020013809
0.001,faces,10.0,3.0, sigmoid,0.477301597595,2.4159526825
0.001,faces,1.0,3.0, sigmoid,0.362222224474,1.69923877716
0.001,faces,0.1,3.0, sigmoid,0.142857134342,2.38831114769
0.0001,faces,100.0,3.0, sigmoid,0.453492045403,3.33995771408
0.0001,faces,10.0,3.0, sigmoid,0.364603161812,1.65670788288
0.0001,faces,1.0,3.0, sigmoid,0.142857134342,2.76491212845
0.0001,faces,0.1,3.0, sigmoid,0.142857134342,3.52478027344
0.1,clothes,100.0,1.0, relu,0.142857134342,13.8243732452
0.01,clothes,100.0,1.0, relu,0.586571455002,2.23286914825
0.001,clothes,100.0,1.0, relu,0.764142870903,0.842729389668
0.0001,clothes,100.0,1.0, relu,0.727857112885,1.72611677647
0.1,clothes,100.0,1.0, elu,0.142857134342,13.8229436874
0.01,clothes,100.0,1.0, elu,0.55428570509,11.0880327225
0.01,clothes,10.0,1.0, elu,0.459428578615,12.931936264
0.01,clothes,1.0,1.0, elu,0.568285703659,9.34121131897
0.01,clothes,0.1,1.0, elu,0.151571422815,15.3301296234
0.001,clothes,100.0,1.0, elu,0.761714279652,0.895034790039
0.001,clothes,10.0,1.0, elu,0.735857129097,2.24060106277
0.001,clothes,1.0,1.0, elu,0.719285726547,3.27234578133
0.0001,clothes,100.0,1.0, elu,0.744142830372,1.27448034286
0.0001,clothes,10.0,1.0, elu,0.651142835617,3.5381526947
0.0001,clothes,1.0,1.0, elu,0.531142830849,5.06348800659
0.0001,clothes,0.1,1.0, elu,0.28228572011,9.5319442749
0.1,clothes,100.0,1.0, sigmoid,0.287000000477,32.4101409912
0.01,clothes,100.0,1.0, sigmoid,0.696857154369,2.99171376228
0.01,clothes,10.0,1.0, sigmoid,0.660714268684,2.92905974388
0.01,clothes,1.0,1.0, sigmoid,0.740571439266,1.27168655396
0.01,clothes,0.1,1.0, sigmoid,0.580857157707,1.93769192696
0.001,clothes,100.0,1.0, sigmoid,0.767857134342,0.880304157734
0.001,clothes,10.0,1.0, sigmoid,0.777285695076,0.834299504757
0.001,clothes,1.0,1.0, sigmoid,0.748000025749,0.961032748222
0.001,clothes,0.1,1.0, sigmoid,0.520428597927,2.23329424858
0.0001,clothes,100.0,1.0, sigmoid,0.773428559303,0.712672889233
0.0001,clothes,10.0,1.0, sigmoid,0.784857153893,0.931665062904
0.0001,clothes,1.0,1.0, sigmoid,0.655571401119,2.36136579514
0.0001,clothes,0.1,1.0, sigmoid,0.266142845154,3.50773525238
0.1,clothes,100.0,2.0, relu,0.142857134342,13.8234786987
0.01,clothes,100.0,2.0, relu,0.699571430683,1.23942470551
0.001,clothes,100.0,2.0, relu,0.744857132435,0.888416826725
0.0001,clothes,100.0,2.0, relu,0.750142872334,0.9963940382
0.1,clothes,100.0,2.0, elu,0.142857134342,13.8234519958
0.01,clothes,100.0,2.0, elu,0.71899998188,1.43104588985
0.01,clothes,10.0,2.0, elu,0.68957144022,1.86601579189
0.01,clothes,1.0,2.0, elu,0.142857134342,13.9972467422
0.01,clothes,0.1,2.0, elu,0.575999975204,7.2732796669
0.001,clothes,100.0,2.0, elu,0.767142832279,0.869673609734
0.001,clothes,10.0,2.0, elu,0.676714301109,1.66417729855
0.001,clothes,1.0,2.0, elu,0.701714277267,1.59237360954
0.001,clothes,0.1,2.0, elu,0.592428565025,2.64448142052
0.0001,clothes,100.0,2.0, elu,0.744000017643,1.11081540585
0.0001,clothes,10.0,2.0, elu,0.77271425724,1.26971042156
0.0001,clothes,1.0,2.0, elu,0.617428600788,2.58730220795
0.0001,clothes,0.1,2.0, elu,0.379571437836,3.56970787048
0.1,clothes,100.0,2.0, sigmoid,0.142857134342,1.9727448225
0.01,clothes,100.0,2.0, sigmoid,0.653857171535,3.01257157326
0.01,clothes,10.0,2.0, sigmoid,0.66585713625,3.13560509682
0.01,clothes,1.0,2.0, sigmoid,0.725000023842,1.57235598564
0.01,clothes,0.1,2.0, sigmoid,0.643571436405,1.27649474144
0.001,clothes,100.0,2.0, sigmoid,0.775857150555,0.812057673931
0.001,clothes,10.0,2.0, sigmoid,0.739571452141,0.939316749573
0.001,clothes,1.0,2.0, sigmoid,0.708571434021,0.989994049072
0.001,clothes,0.1,2.0, sigmoid,0.317285716534,2.36892843246
0.0001,clothes,100.0,2.0, sigmoid,0.781714260578,0.713343918324
0.0001,clothes,10.0,2.0, sigmoid,0.799857139587,0.841131150723
0.0001,clothes,1.0,2.0, sigmoid,0.458285719156,2.72192335129
0.0001,clothes,0.1,2.0, sigmoid,0.142857134342,3.58902835846
0.1,clothes,100.0,3.0, relu,0.142857134342,13.8279294968
0.01,clothes,100.0,3.0, relu,0.682428598404,1.1804343462
0.001,clothes,100.0,3.0, relu,0.748142838478,0.900643885136
0.0001,clothes,100.0,3.0, relu,0.737142860889,1.01726841927
0.1,clothes,100.0,3.0, elu,0.142857134342,13.8258314133
0.01,clothes,100.0,3.0, elu,0.712714314461,1.28814816475
0.01,clothes,10.0,3.0, elu,0.704714298248,2.08351254463
0.01,clothes,1.0,3.0, elu,0.619285702705,2.81600689888
0.01,clothes,0.1,3.0, elu,0.535285711288,4.81036424637
0.001,clothes,100.0,3.0, elu,0.746285736561,0.92618393898
0.001,clothes,10.0,3.0, elu,0.75,1.16291117668
0.001,clothes,1.0,3.0, elu,0.70242857933,1.09082520008
0.001,clothes,0.1,3.0, elu,0.549714267254,2.40698385239
0.0001,clothes,100.0,3.0, elu,0.763999998569,1.16360759735
0.0001,clothes,10.0,3.0, elu,0.740999996662,1.05200600624
0.0001,clothes,1.0,3.0, elu,0.735000014305,1.99673032761
0.0001,clothes,0.1,3.0, elu,0.306571424007,3.35771656036
0.1,clothes,100.0,3.0, sigmoid,0.142857134342,1.9670612812
0.01,clothes,100.0,3.0, sigmoid,0.680000007153,2.72062706947
0.01,clothes,10.0,3.0, sigmoid,0.649428606033,2.98615860939
0.01,clothes,1.0,3.0, sigmoid,0.656428575516,1.93512928486
0.01,clothes,0.1,3.0, sigmoid,0.27371430397,1.89113748074
0.001,clothes,100.0,3.0, sigmoid,0.761571407318,1.04999864101
0.001,clothes,10.0,3.0, sigmoid,0.751428544521,0.998660981655
0.001,clothes,1.0,3.0, sigmoid,0.386999994516,1.58105301857
0.001,clothes,0.1,3.0, sigmoid,0.187999993563,2.44706273079
0.0001,clothes,100.0,3.0, sigmoid,0.751285731792,0.918374538422
0.0001,clothes,10.0,3.0, sigmoid,0.5092856884,1.4278575182
0.0001,clothes,1.0,3.0, sigmoid,0.142857134342,2.76491546631
0.0001,clothes,0.1,3.0, sigmoid,0.142857134342,3.52473974228
